05.0000   46
05.0400   41
05.0800   43
05.1200   40
05.1600   36
05.2000   49
05.2400   45
05.2800   39
05.3200   49
05.3600   43
05.4000   40
05.4400   31
05.4800   38
05.5200   30
05.5600   33
05.6000   39
05.6400   34
05.6800   32
05.7200   36
05.7600   49
05.8000   36
05.8400   39
05.8800   33
05.9200   27
05.9600   38
06.0000   20
06.0400   40
06.0800   33
06.1200   38
06.1600   41
06.2000   27
06.2400   31
06.2800   20
06.3200   38
06.3600   42
06.4000   26
06.4400   30
06.4800   26
06.5200   29
06.5600   31
06.6000   33
06.6400   25
06.6800   40
06.7200   29
06.7600   27
06.8000   16
06.8400   35
06.8800   24
06.9200   23
06.9600   28
07.0000   25
07.0400   27
07.0800   22
07.1200   32
07.1600   28
07.2000   29
07.2400   26
07.2800   27
07.3200   28
07.3600   24
07.4000   21
07.4400   29
07.4800   27
07.5200   14
07.5600   21
07.6000   28
07.6400   18
07.6800   27
07.7200   24
07.7600   26
07.8000   29
07.8400   27
07.8800   25
07.9200   20
07.9600   20
08.0000   21
08.0400   21
08.0800   21
08.1200   22
08.1600   24
08.2000   18
08.2400   26
08.2800   25
08.3200   22
08.3600   19
08.4000   18
08.4400   34
08.4800   21
08.5200   19
08.5600   29
08.6000   23
08.6400   30
08.6800   21
08.7200   20
08.7600   18
08.8000   13
08.8400   19
08.8800   19
08.9200   13
08.9600   27
09.0000   15
09.0400   22
09.0800   18
09.1200   17
09.1600   19
09.2000   22
09.2400   16
09.2800   22
09.3200   23
09.3600   15
09.4000   17
09.4400   17
09.4800   21
09.5200   16
09.5600   22
09.6000   18
09.6400   20
09.6800   22
09.7200   22
09.7600   22
09.8000   22
09.8400   16
09.8800   23
09.9200   17
09.9600   21
10.0000   16
10.0400   16
10.0800   16
10.1200   21
10.1600   15
10.2000   16
10.2400   17
10.2800   23
10.3200   28
10.3600   17
10.4000   16
10.4400   14
10.4800   15
10.5200   17
10.5600   18
10.6000   18
10.6400   15
10.6800   19
10.7200   17
10.7600   25
10.8000   17
10.8400   21
10.8800   14
10.9200   18
10.9600   17
11.0000   20
11.0400   10
11.0800   29
11.1200   11
11.1600   15
11.2000   23
11.2400   19
11.2800   13
11.3200   16
11.3600   14
11.4000   15
11.4400   11
11.4800   20
11.5200   24
11.5600   10
11.6000   16
11.6400   20
11.6800   18
11.7200   12
11.7600   21
11.8000   15
11.8400   18
11.8800   11
11.9200   18
11.9600   17
12.0000   21
12.0400   16
12.0800   19
12.1200   22
12.1600   8
12.2000   16
12.2400   20
12.2800   7
12.3200   9
12.3600   16
12.4000   18
12.4400   13
12.4800   18
12.5200   13
12.5600   11
12.6000   9
12.6400   13
12.6800   13
12.7200   16
12.7600   17
12.8000   7
12.8400   18
12.8800   11
12.9200   23
12.9600   17
13.0000   17
13.0400   9
13.0800   20
13.1200   15
13.1600   18
13.2000   27
13.2400   22
13.2800   17
13.3200   20
13.3600   19
13.4000   21
13.4400   18
13.4800   13
13.5200   14
13.5600   11
13.6000   10
13.6400   20
13.6800   20
13.7200   21
13.7600   21
13.8000   8
13.8400   23
13.8800   18
13.9200   22
13.9600   15
14.0000   15
14.0400   13
14.0800   9
14.1200   18
14.1600   9
14.2000   15
14.2400   13
14.2800   18
14.3200   13
14.3600   17
14.4000   15
14.4400   14
14.4800   13
14.5200   19
14.5600   17
14.6000   15
14.6400   14
14.6800   14
14.7200   11
14.7600   15
14.8000   16
14.8400   16
14.8800   12
14.9200   18
14.9600   15
15.0000   18
15.0400   16
15.0800   11
15.1200   14
15.1600   21
15.2000   11
15.2400   21
15.2800   17
15.3200   24
15.3600   15
15.4000   15
15.4400   19
15.4800   16
15.5200   15
15.5600   19
15.6000   18
15.6400   10
15.6800   10
15.7200   16
15.7600   16
15.8000   13
15.8400   12
15.8800   17
15.9200   21
15.9600   17
16.0000   9
16.0400   24
16.0800   14
16.1200   14
16.1600   20
16.2000   22
16.2400   19
16.2800   15
16.3200   18
16.3600   13
16.4000   16
16.4400   17
16.4800   9
16.5200   13
16.5600   20
16.6000   13
16.6400   12
16.6800   18
16.7200   15
16.7600   14
16.8000   18
16.8400   13
16.8800   14
16.9200   19
16.9600   22
17.0000   13
17.0400   10
17.0800   11
17.1200   13
17.1600   14
17.2000   24
17.2400   16
17.2800   10
17.3200   16
17.3600   18
17.4000   15
17.4400   12
17.4800   21
17.5200   20
17.5600   17
17.6000   15
17.6400   13
17.6800   11
17.7200   18
17.7600   14
17.8000   10
17.8400   13
17.8800   16
17.9200   14
17.9600   15
18.0000   3
18.0400   14
18.0800   13
18.1200   16
18.1600   14
18.2000   14
18.2400   14
18.2800   13
18.3200   17
18.3600   13
18.4000   14
18.4400   14
18.4800   20
18.5200   14
18.5600   13
18.6000   15
18.6400   14
18.6800   11
18.7200   17
18.7600   16
18.8000   12
18.8400   15
18.8800   20
18.9200   13
18.9600   9
19.0000   17
19.0400   16
19.0800   22
19.1200   13
19.1600   17
19.2000   13
19.2400   17
19.2800   9
19.3200   15
19.3600   14
19.4000   9
19.4400   13
19.4800   19
19.5200   20
19.5600   15
19.6000   19
19.6400   13
19.6800   9
19.7200   15
19.7600   17
19.8000   13
19.8400   16
19.8800   12
19.9200   17
19.9600   14
20.0000   16
20.0400   11
20.0800   17
20.1200   11
20.1600   23
20.2000   13
20.2400   14
20.2800   20
20.3200   20
20.3600   16
20.4000   15
20.4400   15
20.4800   16
20.5200   12
20.5600   16
20.6000   9
20.6400   15
20.6800   12
20.7200   14
20.7600   15
20.8000   21
20.8400   23
20.8800   14
20.9200   14
20.9600   13
21.0000   20
21.0400   16
21.0800   16
21.1200   17
21.1600   19
21.2000   12
21.2400   25
21.2800   20
21.3200   20
21.3600   8
21.4000   11
21.4400   17
21.4800   16
21.5200   15
21.5600   24
21.6000   24
21.6400   11
21.6800   18
21.7200   13
21.7600   18
21.8000   16
21.8400   18
21.8800   22
21.9200   27
21.9600   15
22.0000   16
22.0400   23
22.0800   18
22.1200   16
22.1600   15
22.2000   24
22.2400   15
22.2800   13
22.3200   12
22.3600   13
22.4000   20
22.4400   11
22.4800   15
22.5200   12
22.5600   18
22.6000   20
22.6400   20
22.6800   22
22.7200   17
22.7600   18
22.8000   18
22.8400   25
22.8800   17
22.9200   20
22.9600   20
23.0000   25
23.0400   11
23.0800   16
23.1200   17
23.1600   32
23.2000   14
23.2400   21
23.2800   18
23.3200   27
23.3600   15
23.4000   15
23.4400   19
23.4800   15
23.5200   18
23.5600   22
23.6000   26
23.6400   19
23.6800   30
23.7200   14
23.7600   26
23.8000   21
23.8400   15
23.8800   23
23.9200   22
23.9600   27
24.0000   30
24.0400   24
24.0800   22
24.1200   22
24.1600   31
24.2000   21
24.2400   20
24.2800   21
24.3200   28
24.3600   23
24.4000   25
24.4400   29
24.4800   23
24.5200   26
24.5600   26
24.6000   23
24.6400   29
24.6800   41
24.7200   39
24.7600   23
24.8000   42
24.8400   39
24.8800   43
24.9200   45
24.9600   41
25.0000   22
25.0400   48
25.0800   47
25.1200   46
25.1600   50
25.2000   54
25.2400   43
25.2800   47
25.3200   38
25.3600   46
25.4000   36
25.4400   48
25.4800   42
25.5200   33
25.5600   44
25.6000   31
25.6400   31
25.6800   49
25.7200   51
25.7600   46
25.8000   39
25.8400   50
25.8800   48
25.9200   38
25.9600   57
26.0000   40
26.0400   55
26.0800   55
26.1200   60
26.1600   47
26.2000   51
26.2400   61
26.2800   61
26.3200   81
26.3600   68
26.4000   95
26.4400   98
26.4800   107
26.5200   138
26.5600   131
26.6000   136
26.6400   133
26.6800   136
26.7200   121
26.7600   132
26.8000   114
26.8400   99
26.8800   84
26.9200   97
26.9600   83
27.0000   89
27.0400   61
27.0800   45
27.1200   49
27.1600   53
27.2000   61
27.2400   54
27.2800   55
27.3200   55
27.3600   42
27.4000   47
27.4400   51
27.4800   34
27.5200   29
27.5600   45
27.6000   44
27.6400   47
27.6800   42
27.7200   57
27.7600   53
27.8000   42
27.8400   48
27.8800   51
27.9200   47
27.9600   54
28.0000   47
28.0400   42
28.0800   56
28.1200   49
28.1600   50
28.2000   68
28.2400   56
28.2800   53
28.3200   50
28.3600   56
28.4000   57
28.4400   63
28.4800   42
28.5200   49
28.5600   48
28.6000   46
28.6400   47
28.6800   56
28.7200   49
28.7600   39
28.8000   46
28.8400   53
28.8800   49
28.9200   40
28.9600   49
29.0000   48
29.0400   27
29.0800   41
29.1200   32
29.1600   28
29.2000   32
29.2400   31
29.2800   33
29.3200   36
29.3600   27
29.4000   23
29.4400   37
29.4800   28
29.5200   29
29.5600   33
29.6000   32
29.6400   32
29.6800   24
29.7200   21
29.7600   19
29.8000   28
29.8400   27
29.8800   27
29.9200   23
29.9600   24
30.0000   21
30.0400   25
30.0800   27
30.1200   20
30.1600   27
30.2000   25
30.2400   25
30.2800   25
30.3200   23
30.3600   23
30.4000   21
30.4400   19
30.4800   22
30.5200   31
30.5600   20
30.6000   24
30.6400   24
30.6800   21
30.7200   23
30.7600   12
30.8000   19
30.8400   17
30.8800   26
30.9200   13
30.9600   26
31.0000   24
31.0400   17
31.0800   13
31.1200   21
31.1600   21
31.2000   25
31.2400   26
31.2800   14
31.3200   12
31.3600   22
31.4000   17
31.4400   21
31.4800   12
31.5200   12
31.5600   22
31.6000   10
31.6400   9
31.6800   13
31.7200   14
31.7600   4
31.8000   10
31.8400   10
31.8800   19
31.9200   11
31.9600   12
32.0000   15
32.0400   12
32.0800   19
32.1200   13
32.1600   15
32.2000   19
32.2400   12
32.2800   7
32.3200   7
32.3600   15
32.4000   14
32.4400   18
32.4800   8
32.5200   14
32.5600   12
32.6000   17
32.6400   16
32.6800   17
32.7200   12
32.7600   8
32.8000   12
32.8400   12
32.8800   6
32.9200   14
32.9600   11
33.0000   9
33.0400   7
33.0800   11
33.1200   9
33.1600   6
33.2000   9
33.2400   9
33.2800   14
33.3200   11
33.3600   14
33.4000   17
33.4400   13
33.4800   12
33.5200   12
33.5600   9
33.6000   18
33.6400   9
33.6800   9
33.7200   10
33.7600   7
33.8000   15
33.8400   10
33.8800   10
33.9200   6
33.9600   13
34.0000   10
34.0400   9
34.0800   12
34.1200   13
34.1600   8
34.2000   8
34.2400   12
34.2800   10
34.3200   10
34.3600   12
34.4000   10
34.4400   14
34.4800   19
34.5200   14
34.5600   10
34.6000   13
34.6400   11
34.6800   15
34.7200   9
34.7600   9
34.8000   11
34.8400   13
34.8800   19
34.9200   9
34.9600   3
35.0000   14
35.0400   11
35.0800   10
35.1200   10
35.1600   12
35.2000   12
35.2400   11
35.2800   14
35.3200   15
35.3600   7
35.4000   11
35.4400   10
35.4800   14
35.5200   7
35.5600   8
35.6000   10
35.6400   11
35.6800   11
35.7200   13
35.7600   15
35.8000   9
35.8400   14
35.8800   12
35.9200   14
35.9600   14
36.0000   12
36.0400   6
36.0800   13
36.1200   13
36.1600   14
36.2000   19
36.2400   13
36.2800   13
36.3200   9
36.3600   17
36.4000   7
36.4400   10
36.4800   11
36.5200   13
36.5600   22
36.6000   17
36.6400   13
36.6800   14
36.7200   14
36.7600   13
36.8000   17
36.8400   29
36.8800   17
36.9200   18
36.9600   18
37.0000   13
37.0400   12
37.0800   20
37.1200   18
37.1600   15
37.2000   5
37.2400   11
37.2800   14
37.3200   10
37.3600   17
37.4000   14
37.4400   13
37.4800   8
37.5200   17
37.5600   12
37.6000   13
37.6400   12
37.6800   10
37.7200   12
37.7600   13
37.8000   18
37.8400   14
37.8800   15
37.9200   13
37.9600   11
38.0000   7
38.0400   9
38.0800   11
38.1200   15
38.1600   6
38.2000   11
38.2400   8
38.2800   9
38.3200   15
38.3600   10
38.4000   8
38.4400   11
38.4800   11
38.5200   9
38.5600   8
38.6000   14
38.6400   9
38.6800   12
38.7200   8
38.7600   9
38.8000   12
38.8400   12
38.8800   4
38.9200   9
38.9600   9
39.0000   12
39.0400   12
39.0800   14
39.1200   12
39.1600   7
39.2000   9
39.2400   10
39.2800   8
39.3200   7
39.3600   3
39.4000   12
39.4400   12
39.4800   9
39.5200   6
39.5600   10
39.6000   8
39.6400   11
39.6800   8
39.7200   9
39.7600   14
39.8000   4
39.8400   13
39.8800   9
39.9200   14
39.9600   8
40.0000   4
40.0400   10
40.0800   7
40.1200   9
40.1600   5
40.2000   11
40.2400   11
40.2800   10
40.3200   7
40.3600   8
40.4000   10
40.4400   8
40.4800   14
40.5200   10
40.5600   10
40.6000   11
40.6400   11
40.6800   13
40.7200   10
40.7600   8
40.8000   8
40.8400   11
40.8800   11
40.9200   9
40.9600   9
41.0000   11
41.0400   10
41.0800   10
41.1200   10
41.1600   5
41.2000   9
41.2400   13
41.2800   11
41.3200   13
41.3600   12
41.4000   7
41.4400   13
41.4800   15
41.5200   12
41.5600   9
41.6000   9
41.6400   13
41.6800   8
41.7200   14
41.7600   13
41.8000   18
41.8400   7
41.8800   11
41.9200   15
41.9600   12
42.0000   16
42.0400   14
42.0800   15
42.1200   14
42.1600   16
42.2000   21
42.2400   16
42.2800   18
42.3200   16
42.3600   24
42.4000   16
42.4400   20
42.4800   15
42.5200   15
42.5600   24
42.6000   21
42.6400   16
42.6800   9
42.7200   15
42.7600   14
42.8000   23
42.8400   19
42.8800   25
42.9200   26
42.9600   24
43.0000   23
43.0400   18
43.0800   29
43.1200   26
43.1600   20
43.2000   21
43.2400   37
43.2800   22
43.3200   25
43.3600   30
43.4000   29
43.4400   19
43.4800   35
43.5200   39
43.5600   49
43.6000   39
43.6400   43
43.6800   58
43.7200   48
43.7600   50
43.8000   47
43.8400   49
43.8800   62
43.9200   47
43.9600   43
44.0000   57
44.0400   50
44.0800   55
44.1200   55
44.1600   40
44.2000   33
44.2400   44
44.2800   32
44.3200   45
44.3600   31
44.4000   26
44.4400   33
44.4800   27
44.5200   30
44.5600   22
44.6000   23
44.6400   23
44.6800   35
44.7200   29
44.7600   22
44.8000   23
44.8400   20
44.8800   23
44.9200   20
44.9600   19
45.0000   19
45.0400   20
45.0800   18
45.1200   17
45.1600   19
45.2000   22
45.2400   14
45.2800   20
45.3200   18
45.3600   18
45.4000   18
45.4400   13
45.4800   13
45.5200   22
45.5600   26
45.6000   15
45.6400   17
45.6800   17
45.7200   19
45.7600   21
45.8000   13
45.8400   15
45.8800   18
45.9200   20
45.9600   20
46.0000   18
46.0400   17
46.0800   20
46.1200   18
46.1600   20
46.2000   22
46.2400   15
46.2800   11
46.3200   8
46.3600   13
46.4000   15
46.4400   20
46.4800   18
46.5200   19
46.5600   16
46.6000   16
46.6400   12
46.6800   15
46.7200   15
46.7600   19
46.8000   14
46.8400   19
46.8800   25
46.9200   16
46.9600   19
47.0000   21
47.0400   28
47.0800   21
47.1200   18
47.1600   23
47.2000   20
47.2400   24
47.2800   23
47.3200   29
47.3600   29
47.4000   19
47.4400   23
47.4800   29
47.5200   23
47.5600   21
47.6000   24
47.6400   31
47.6800   28
47.7200   20
47.7600   35
47.8000   35
47.8400   29
47.8800   28
47.9200   29
47.9600   30
48.0000   41
48.0400   36
48.0800   31
48.1200   32
48.1600   31
48.2000   27
48.2400   33
48.2800   33
48.3200   28
48.3600   32
48.4000   32
48.4400   30
48.4800   33
48.5200   32
48.5600   21
48.6000   25
48.6400   20
48.6800   32
48.7200   29
48.7600   22
48.8000   24
48.8400   18
48.8800   24
48.9200   23
48.9600   20
49.0000   21
49.0400   22
49.0800   27
49.1200   10
49.1600   17
49.2000   23
49.2400   21
49.2800   14
49.3200   16
49.3600   15
49.4000   11
49.4400   29
49.4800   19
49.5200   18
49.5600   17
49.6000   17
49.6400   15
49.6800   21
49.7200   24
49.7600   14
49.8000   16
49.8400   22
49.8800   17
49.9200   12
49.9600   17
50.0000   18
50.0400   23
50.0800   15
50.1200   14
50.1600   25
50.2000   14
50.2400   12
50.2800   13
50.3200   18
50.3600   14
50.4000   15
50.4400   18
50.4800   30
50.5200   26
50.5600   23
50.6000   15
50.6400   20
50.6800   18
50.7200   21
50.7600   24
50.8000   23
50.8400   21
50.8800   22
50.9200   19
50.9600   18
51.0000   27
51.0400   14
51.0800   26
51.1200   22
51.1600   20
51.2000   26
51.2400   33
51.2800   28
51.3200   27
51.3600   39
51.4000   32
51.4400   29
51.4800   26
51.5200   42
51.5600   25
51.6000   49
51.6400   30
51.6800   48
51.7200   39
51.7600   32
51.8000   34
51.8400   40
51.8800   47
51.9200   50
51.9600   40
52.0000   51
52.0400   48
52.0800   55
52.1200   46
52.1600   45
52.2000   35
52.2400   49
52.2800   50
52.3200   47
52.3600   31
52.4000   31
52.4400   29
52.4800   44
52.5200   29
52.5600   30
52.6000   30
52.6400   31
52.6800   30
52.7200   26
52.7600   23
52.8000   35
52.8400   23
52.8800   22
52.9200   23
52.9600   28
53.0000   23
53.0400   32
53.0800   22
53.1200   16
53.1600   15
53.2000   25
53.2400   22
53.2800   25
53.3200   20
53.3600   13
53.4000   21
53.4400   31
53.4800   27
53.5200   20
53.5600   24
53.6000   16
53.6400   17
53.6800   20
53.7200   21
53.7600   14
53.8000   19
53.8400   15
53.8800   14
53.9200   17
53.9600   14
54.0000   17
54.0400   12
54.0800   22
54.1200   16
54.1600   12
54.2000   25
54.2400   17
54.2800   11
54.3200   11
54.3600   15
54.4000   11
54.4400   19
54.4800   17
54.5200   19
54.5600   20
54.6000   18
54.6400   26
54.6800   11
54.7200   14
54.7600   16
54.8000   16
54.8400   12
54.8800   20
54.9200   13
54.9600   12
55.0000   13
55.0400   13
55.0800   14
55.1200   15
55.1600   5
55.2000   19
55.2400   13
55.2800   12
55.3200   13
55.3600   10
55.4000   14
55.4400   16
55.4800   8
55.5200   11
55.5600   9
55.6000   17
55.6400   8
55.6800   10
55.7200   10
55.7600   4
55.8000   10
55.8400   10
55.8800   12
55.9200   4
55.9600   5
56.0000   10
56.0400   13
56.0800   8
56.1200   10
56.1600   8
56.2000   8
56.2400   6
56.2800   9
56.3200   9
56.3600   11
56.4000   9
56.4400   7
56.4800   6
56.5200   12
56.5600   14
56.6000   7
56.6400   8
56.6800   8
56.7200   9
56.7600   8
56.8000   8
56.8400   3
56.8800   6
56.9200   10
56.9600   7
57.0000   12
57.0400   12
57.0800   9
57.1200   7
57.1600   3
57.2000   5
57.2400   2
57.2800   7
57.3200   7
57.3600   8
57.4000   7
57.4400   3
57.4800   10
57.5200   8
57.5600   5
57.6000   9
57.6400   8
57.6800   10
57.7200   11
57.7600   10
57.8000   8
57.8400   11
57.8800   4
57.9200   2
57.9600   9
58.0000   5
58.0400   10
58.0800   11
58.1200   10
58.1600   4
58.2000   12
58.2400   6
58.2800   10
58.3200   5
58.3600   8
58.4000   11
58.4400   7
58.4800   11
58.5200   8
58.5600   3
58.6000   9
58.6400   5
58.6800   4
58.7200   8
58.7600   10
58.8000   11
58.8400   13
58.8800   9
58.9200   8
58.9600   9
59.0000   9
59.0400   8
59.0800   5
59.1200   6
59.1600   9
59.2000   6
59.2400   5
59.2800   7
59.3200   9
59.3600   12
59.4000   11
59.4400   11
59.4800   4
59.5200   4
59.5600   5
59.6000   5
59.6400   7
59.6800   10
59.7200   5
59.7600   6
59.8000   4
59.8400   10
59.8800   7
59.9200   4
59.9600   4
60.0000   8
60.0400   6
60.0800   6
60.1200   14
60.1600   8
60.2000   8
60.2400   5
60.2800   6
60.3200   8
60.3600   9
60.4000   4
60.4400   7
60.4800   5
60.5200   7
60.5600   5
60.6000   6
60.6400   6
60.6800   10
60.7200   6
60.7600   11
60.8000   5
60.8400   7
60.8800   14
60.9200   7
60.9600   7
61.0000   5
61.0400   5
61.0800   3
61.1200   8
61.1600   5
61.2000   13
61.2400   8
61.2800   7
61.3200   4
61.3600   4
61.4000   11
61.4400   3
61.4800   2
61.5200   9
61.5600   10
61.6000   4
61.6400   6
61.6800   6
61.7200   4
61.7600   9
61.8000   1
61.8400   3
61.8800   7
61.9200   5
61.9600   7
62.0000   8
62.0400   3
62.0800   1
62.1200   5
62.1600   6
62.2000   9
62.2400   7
62.2800   5
62.3200   6
62.3600   8
62.4000   4
62.4400   4
62.4800   4
62.5200   4
62.5600   4
62.6000   6
62.6400   12
62.6800   9
62.7200   8
62.7600   10
62.8000   9
62.8400   5
62.8800   6
62.9200   9
62.9600   7
63.0000   5
63.0400   7
63.0800   7
63.1200   6
63.1600   7
63.2000   6
63.2400   9
63.2800   4
63.3200   8
63.3600   8
63.4000   2
63.4400   8
63.4800   13
63.5200   7
63.5600   7
63.6000   1
63.6400   4
63.6800   3
63.7200   8
63.7600   9
63.8000   9
63.8400   10
63.8800   9
63.9200   7
63.9600   9
64.0000   7
64.0400   9
64.0800   12
64.1200   10
64.1600   5
64.2000   6
64.2400   8
64.2800   8
64.3200   10
64.3600   7
64.4000   6
64.4400   12
64.4800   7
64.5200   7
64.5600   2
64.6000   7
64.6400   10
64.6800   10
64.7200   5
64.7600   8
64.8000   7
64.8400   7
64.8800   7
64.9200   9
64.9600   7
65.0000   7
65.0400   10
65.0800   7
65.1200   9
65.1600   10
65.2000   6
65.2400   5
65.2800   13
65.3200   7
65.3600   3
65.4000   6
65.4400   6
65.4800   10
65.5200   9
65.5600   6
65.6000   7
65.6400   11
65.6800   9
65.7200   4
65.7600   10
65.8000   11
65.8400   11
65.8800   6
65.9200   8
65.9600   9
66.0000   8
66.0400   6
66.0800   11
66.1200   12
66.1600   9
66.2000   9
66.2400   11
66.2800   9
66.3200   13
66.3600   6
66.4000   9
66.4400   12
66.4800   8
66.5200   12
66.5600   14
66.6000   6
66.6400   9
66.6800   6
66.7200   8
66.7600   12
66.8000   9
66.8400   9
66.8800   17
66.9200   9
66.9600   13
67.0000   9
67.0400   7
67.0800   17
67.1200   11
67.1600   10
67.2000   8
67.2400   9
67.2800   5
67.3200   5
67.3600   16
67.4000   16
67.4400   8
67.4800   11
67.5200   8
67.5600   14
67.6000   9
67.6400   9
67.6800   14
67.7200   15
67.7600   10
67.8000   12
67.8400   17
67.8800   14
67.9200   7
67.9600   11
68.0000   10
68.0400   13
68.0800   8
68.1200   15
68.1600   12
68.2000   11
68.2400   5
68.2800   8
68.3200   6
68.3600   11
68.4000   12
68.4400   9
68.4800   10
68.5200   12
68.5600   11
68.6000   18
68.6400   8
68.6800   8
68.7200   4
68.7600   15
68.8000   13
68.8400   4
68.8800   11
68.9200   8
68.9600   8
69.0000   9
69.0400   11
69.0800   15
69.1200   8
69.1600   9
69.2000   12
69.2400   12
69.2800   8
69.3200   8
69.3600   6
69.4000   7
69.4400   18
69.4800   15
69.5200   8
69.5600   17
69.6000   12
69.6400   10
69.6800   16
69.7200   7
69.7600   16
69.8000   17
69.8400   20
69.8800   8
69.9200   14
69.9600   10
70.0000   18
70.0400   13
70.0800   11
70.1200   13
70.1600   11
70.2000   8
70.2400   13
70.2800   18
70.3200   14
70.3600   11
70.4000   22
70.4400   12
70.4800   15
70.5200   17
70.5600   12
70.6000   21
70.6400   17
70.6800   14
70.7200   3
70.7600   11
70.8000   13
70.8400   17
70.8800   13
70.9200   12
70.9600   13
71.0000   9
71.0400   15
71.0800   15
71.1200   9
71.1600   7
71.2000   8
71.2400   12
71.2800   18
71.3200   16
71.3600   15
71.4000   17
71.4400   12
71.4800   13
71.5200   9
71.5600   12
71.6000   6
71.6400   19
71.6800   12
71.7200   9
71.7600   10
71.8000   12
71.8400   10
71.8800   4
71.9200   9
71.9600   19
72.0000   17
72.0400   8
72.0800   12
72.1200   16
72.1600   14
72.2000   16
72.2400   14
72.2800   12
72.3200   21
72.3600   13
72.4000   13
72.4400   11
72.4800   13
72.5200   22
72.5600   12
72.6000   12
72.6400   21
72.6800   14
72.7200   18
72.7600   14
72.8000   13
72.8400   14
72.8800   17
72.9200   14
72.9600   11
73.0000   8
73.0400   17
73.0800   17
73.1200   10
73.1600   11
73.2000   15
73.2400   10
73.2800   12
73.3200   11
73.3600   14
73.4000   11
73.4400   12
73.4800   6
73.5200   18
73.5600   15
73.6000   10
73.6400   6
73.6800   12
73.7200   7
73.7600   8
73.8000   10
73.8400   7
73.8800   10
73.9200   9
73.9600   12
74.0000   10
74.0400   7
74.0800   9
74.1200   13
74.1600   10
74.2000   13
74.2400   9
74.2800   7
74.3200   5
74.3600   6
74.4000   3
74.4400   8
74.4800   8
74.5200   7
74.5600   10
74.6000   8
74.6400   14
74.6800   16
74.7200   8
74.7600   9
74.8000   8
74.8400   12
74.8800   7
74.9200   9
74.9600   10
75.0000   8
75.0400   7
75.0800   13
75.1200   15
75.1600   11
75.2000   10
75.2400   13
75.2800   10
75.3200   15
75.3600   15
75.4000   11
75.4400   13
75.4800   3
75.5200   16
75.5600   10
75.6000   12
75.6400   15
75.6800   15
75.7200   7
75.7600   17
75.8000   7
75.8400   10
75.8800   11
75.9200   10
75.9600   5
76.0000   9
76.0400   17
76.0800   9
76.1200   9
76.1600   4
76.2000   11
76.2400   12
76.2800   14
76.3200   10
76.3600   3
76.4000   11
76.4400   6
76.4800   4
76.5200   7
76.5600   9
76.6000   10
76.6400   10
76.6800   22
76.7200   4
76.7600   13
76.8000   7
76.8400   17
76.8800   12
76.9200   11
76.9600   9
77.0000   11
77.0400   10
77.0800   10
77.1200   7
77.1600   7
77.2000   12
77.2400   10
77.2800   15
77.3200   9
77.3600   7
77.4000   9
77.4400   2
77.4800   10
77.5200   7
77.5600   8
77.6000   9
77.6400   12
77.6800   9
77.7200   13
77.7600   4
77.8000   7
77.8400   9
77.8800   3
77.9200   6
77.9600   8
78.0000   8
78.0400   10
78.0800   12
78.1200   13
78.1600   3
78.2000   7
78.2400   8
78.2800   8
78.3200   3
78.3600   6
78.4000   9
78.4400   9
78.4800   8
78.5200   5
78.5600   7
78.6000   5
78.6400   6
78.6800   6
78.7200   8
78.7600   14
78.8000   9
78.8400   6
78.8800   11
78.9200   4
78.9600   4
79.0000   8
79.0400   20
79.0800   8
79.1200   15
79.1600   8
79.2000   8
79.2400   7
79.2800   4
79.3200   10
79.3600   10
79.4000   11
79.4400   11
79.4800   9
79.5200   7
79.5600   8
79.6000   11
79.6400   5
79.6800   4
79.7200   3
79.7600   7
79.8000   9
79.8400   10
79.8800   5
79.9200   7
79.9600   2
80.0000   11
