05.0000   27
05.0400   34
05.0800   30
05.1200   32
05.1600   30
05.2000   40
05.2400   40
05.2800   38
05.3200   30
05.3600   33
05.4000   24
05.4400   29
05.4800   36
05.5200   27
05.5600   29
05.6000   30
05.6400   28
05.6800   33
05.7200   30
05.7600   37
05.8000   32
05.8400   37
05.8800   36
05.9200   39
05.9600   31
06.0000   31
06.0400   38
06.0800   39
06.1200   33
06.1600   32
06.2000   31
06.2400   22
06.2800   30
06.3200   30
06.3600   26
06.4000   28
06.4400   25
06.4800   18
06.5200   26
06.5600   22
06.6000   36
06.6400   27
06.6800   25
06.7200   34
06.7600   20
06.8000   23
06.8400   20
06.8800   18
06.9200   28
06.9600   30
07.0000   14
07.0400   26
07.0800   26
07.1200   25
07.1600   26
07.2000   23
07.2400   18
07.2800   20
07.3200   29
07.3600   29
07.4000   23
07.4400   29
07.4800   21
07.5200   26
07.5600   25
07.6000   21
07.6400   23
07.6800   29
07.7200   26
07.7600   20
07.8000   23
07.8400   28
07.8800   29
07.9200   25
07.9600   21
08.0000   28
08.0400   20
08.0800   21
08.1200   19
08.1600   26
08.2000   20
08.2400   34
08.2800   14
08.3200   26
08.3600   20
08.4000   26
08.4400   29
08.4800   25
08.5200   22
08.5600   20
08.6000   27
08.6400   23
08.6800   31
08.7200   23
08.7600   17
08.8000   21
08.8400   24
08.8800   19
08.9200   26
08.9600   20
09.0000   20
09.0400   31
09.0800   19
09.1200   24
09.1600   24
09.2000   21
09.2400   30
09.2800   30
09.3200   23
09.3600   28
09.4000   18
09.4400   12
09.4800   22
09.5200   18
09.5600   25
09.6000   11
09.6400   24
09.6800   20
09.7200   28
09.7600   19
09.8000   22
09.8400   18
09.8800   16
09.9200   26
09.9600   22
10.0000   26
10.0400   21
10.0800   20
10.1200   24
10.1600   24
10.2000   32
10.2400   23
10.2800   16
10.3200   24
10.3600   17
10.4000   35
10.4400   21
10.4800   24
10.5200   30
10.5600   27
10.6000   25
10.6400   22
10.6800   31
10.7200   21
10.7600   29
10.8000   15
10.8400   20
10.8800   22
10.9200   24
10.9600   24
11.0000   21
11.0400   26
11.0800   19
11.1200   25
11.1600   17
11.2000   24
11.2400   29
11.2800   26
11.3200   17
11.3600   24
11.4000   26
11.4400   19
11.4800   28
11.5200   26
11.5600   22
11.6000   20
11.6400   22
11.6800   17
11.7200   16
11.7600   30
11.8000   22
11.8400   12
11.8800   21
11.9200   21
11.9600   20
12.0000   22
12.0400   21
12.0800   20
12.1200   17
12.1600   19
12.2000   19
12.2400   17
12.2800   21
12.3200   27
12.3600   23
12.4000   22
12.4400   22
12.4800   25
12.5200   24
12.5600   18
12.6000   17
12.6400   16
12.6800   19
12.7200   21
12.7600   17
12.8000   22
12.8400   19
12.8800   24
12.9200   18
12.9600   15
13.0000   14
13.0400   23
13.0800   26
13.1200   20
13.1600   26
13.2000   27
13.2400   18
13.2800   28
13.3200   23
13.3600   21
13.4000   24
13.4400   26
13.4800   26
13.5200   20
13.5600   26
13.6000   27
13.6400   24
13.6800   18
13.7200   25
13.7600   20
13.8000   15
13.8400   18
13.8800   30
13.9200   16
13.9600   32
14.0000   31
14.0400   15
14.0800   27
14.1200   31
14.1600   28
14.2000   27
14.2400   17
14.2800   18
14.3200   25
14.3600   21
14.4000   21
14.4400   25
14.4800   14
14.5200   27
14.5600   24
14.6000   22
14.6400   24
14.6800   28
14.7200   25
14.7600   19
14.8000   24
14.8400   24
14.8800   26
14.9200   17
14.9600   28
15.0000   22
15.0400   33
15.0800   32
15.1200   25
15.1600   26
15.2000   29
15.2400   20
15.2800   34
15.3200   32
15.3600   29
15.4000   30
15.4400   25
15.4800   37
15.5200   20
15.5600   31
15.6000   37
15.6400   35
15.6800   38
15.7200   30
15.7600   41
15.8000   36
15.8400   38
15.8800   54
15.9200   52
15.9600   56
16.0000   69
16.0400   88
16.0800   89
16.1200   112
16.1600   144
16.2000   148
16.2400   187
16.2800   223
16.3200   287
16.3600   316
16.4000   363
16.4400   457
16.4800   483
16.5200   509
16.5600   519
16.6000   483
16.6400   464
16.6800   347
16.7200   299
16.7600   271
16.8000   183
16.8400   155
16.8800   123
16.9200   90
16.9600   88
17.0000   62
17.0400   60
17.0800   58
17.1200   60
17.1600   35
17.2000   41
17.2400   46
17.2800   35
17.3200   41
17.3600   27
17.4000   39
17.4400   30
17.4800   29
17.5200   27
17.5600   30
17.6000   29
17.6400   25
17.6800   17
17.7200   26
17.7600   26
17.8000   20
17.8400   24
17.8800   26
17.9200   20
17.9600   33
18.0000   20
18.0400   17
18.0800   19
18.1200   24
18.1600   22
18.2000   20
18.2400   20
18.2800   24
18.3200   18
18.3600   21
18.4000   16
18.4400   14
18.4800   27
18.5200   27
18.5600   24
18.6000   19
18.6400   24
18.6800   19
18.7200   20
18.7600   17
18.8000   23
18.8400   26
18.8800   25
18.9200   31
18.9600   32
19.0000   24
19.0400   36
19.0800   30
19.1200   35
19.1600   37
19.2000   50
19.2400   36
19.2800   31
19.3200   30
19.3600   24
19.4000   28
19.4400   23
19.4800   19
19.5200   17
19.5600   18
19.6000   11
19.6400   15
19.6800   13
19.7200   21
19.7600   18
19.8000   18
19.8400   17
19.8800   13
19.9200   16
19.9600   16
20.0000   11
20.0400   14
20.0800   10
20.1200   22
20.1600   17
20.2000   13
20.2400   10
20.2800   13
20.3200   9
20.3600   16
20.4000   8
20.4400   18
20.4800   8
20.5200   8
20.5600   9
20.6000   12
20.6400   8
20.6800   10
20.7200   8
20.7600   10
20.8000   12
20.8400   11
20.8800   13
20.9200   14
20.9600   10
21.0000   9
21.0400   11
21.0800   7
21.1200   11
21.1600   16
21.2000   10
21.2400   16
21.2800   12
21.3200   12
21.3600   16
21.4000   10
21.4400   10
21.4800   9
21.5200   18
21.5600   21
21.6000   8
21.6400   10
21.6800   5
21.7200   9
21.7600   10
21.8000   14
21.8400   10
21.8800   9
21.9200   17
21.9600   12
22.0000   14
22.0400   9
22.0800   15
22.1200   10
22.1600   16
22.2000   9
22.2400   15
22.2800   17
22.3200   16
22.3600   11
22.4000   14
22.4400   15
22.4800   16
22.5200   11
22.5600   12
22.6000   17
22.6400   14
22.6800   19
22.7200   19
22.7600   14
22.8000   13
22.8400   17
22.8800   20
22.9200   13
22.9600   19
23.0000   20
23.0400   24
23.0800   14
23.1200   16
23.1600   24
23.2000   30
23.2400   36
23.2800   28
23.3200   31
23.3600   22
23.4000   37
23.4400   30
23.4800   40
23.5200   42
23.5600   52
23.6000   54
23.6400   41
23.6800   62
23.7200   53
23.7600   58
23.8000   52
23.8400   52
23.8800   71
23.9200   48
23.9600   51
24.0000   48
24.0400   61
24.0800   59
24.1200   68
24.1600   95
24.2000   87
24.2400   97
24.2800   82
24.3200   73
24.3600   52
24.4000   70
24.4400   44
24.4800   40
24.5200   27
24.5600   45
24.6000   24
24.6400   38
24.6800   57
24.7200   42
24.7600   33
24.8000   33
24.8400   37
24.8800   41
24.9200   40
24.9600   50
25.0000   45
25.0400   53
25.0800   67
25.1200   82
25.1600   84
25.2000   70
25.2400   97
25.2800   135
25.3200   149
25.3600   199
25.4000   250
25.4400   365
25.4800   497
25.5200   674
25.5600   899
25.6000   1209
25.6400   1548
25.6800   1605
25.7200   1531
25.7600   1268
25.8000   944
25.8400   613
25.8800   483
25.9200   289
25.9600   208
26.0000   168
26.0400   120
26.0800   94
26.1200   77
26.1600   65
26.2000   66
26.2400   51
26.2800   34
26.3200   30
26.3600   38
26.4000   36
26.4400   32
26.4800   32
26.5200   27
26.5600   17
26.6000   25
26.6400   20
26.6800   25
26.7200   26
26.7600   20
26.8000   18
26.8400   18
26.8800   16
26.9200   12
26.9600   17
27.0000   17
27.0400   10
27.0800   15
27.1200   20
27.1600   22
27.2000   19
27.2400   14
27.2800   16
27.3200   8
27.3600   21
27.4000   23
27.4400   15
27.4800   11
27.5200   11
27.5600   10
27.6000   21
27.6400   15
27.6800   20
27.7200   19
27.7600   12
27.8000   11
27.8400   16
27.8800   16
27.9200   17
27.9600   22
28.0000   11
28.0400   16
28.0800   15
28.1200   14
28.1600   18
28.2000   13
28.2400   14
28.2800   15
28.3200   12
28.3600   14
28.4000   17
28.4400   13
28.4800   12
28.5200   15
28.5600   13
28.6000   19
28.6400   11
28.6800   13
28.7200   10
28.7600   18
28.8000   15
28.8400   14
28.8800   13
28.9200   14
28.9600   14
29.0000   13
29.0400   21
29.0800   13
29.1200   12
29.1600   19
29.2000   18
29.2400   14
29.2800   14
29.3200   13
29.3600   14
29.4000   14
29.4400   15
29.4800   15
29.5200   19
29.5600   20
29.6000   17
29.6400   20
29.6800   20
29.7200   14
29.7600   17
29.8000   16
29.8400   20
29.8800   26
29.9200   24
29.9600   21
30.0000   29
30.0400   31
30.0800   27
30.1200   34
30.1600   36
30.2000   40
30.2400   32
30.2800   49
30.3200   69
30.3600   63
30.4000   87
30.4400   66
30.4800   69
30.5200   86
30.5600   56
30.6000   47
30.6400   58
30.6800   57
30.7200   50
30.7600   39
30.8000   29
30.8400   29
30.8800   30
30.9200   26
30.9600   29
31.0000   33
31.0400   16
31.0800   19
31.1200   17
31.1600   19
31.2000   8
31.2400   12
31.2800   5
31.3200   10
31.3600   16
31.4000   17
31.4400   14
31.4800   15
31.5200   14
31.5600   12
31.6000   14
31.6400   18
31.6800   13
31.7200   14
31.7600   8
31.8000   13
31.8400   7
31.8800   14
31.9200   11
31.9600   10
32.0000   11
32.0400   8
32.0800   16
32.1200   8
32.1600   7
32.2000   9
32.2400   8
32.2800   13
32.3200   11
32.3600   14
32.4000   15
32.4400   17
32.4800   21
32.5200   15
32.5600   9
32.6000   15
32.6400   20
32.6800   11
32.7200   18
32.7600   16
32.8000   17
32.8400   20
32.8800   26
32.9200   21
32.9600   28
33.0000   34
33.0400   35
33.0800   54
33.1200   44
33.1600   74
33.2000   60
33.2400   91
33.2800   80
33.3200   95
33.3600   96
33.4000   122
33.4400   104
33.4800   109
33.5200   98
33.5600   82
33.6000   86
33.6400   75
33.6800   64
33.7200   58
33.7600   67
33.8000   53
33.8400   59
33.8800   46
33.9200   45
33.9600   61
34.0000   73
34.0400   90
34.0800   113
34.1200   141
34.1600   225
34.2000   216
34.2400   225
34.2800   199
34.3200   149
34.3600   125
34.4000   117
34.4400   87
34.4800   73
34.5200   54
34.5600   65
34.6000   70
34.6400   72
34.6800   85
34.7200   96
34.7600   140
34.8000   179
34.8400   221
34.8800   286
34.9200   303
34.9600   347
35.0000   323
35.0400   331
35.0800   333
35.1200   244
35.1600   218
35.2000   185
35.2400   171
35.2800   112
35.3200   80
35.3600   65
35.4000   63
35.4400   44
35.4800   39
35.5200   33
35.5600   30
35.6000   17
35.6400   16
35.6800   29
35.7200   18
35.7600   13
35.8000   17
35.8400   22
35.8800   14
35.9200   19
35.9600   13
36.0000   15
36.0400   14
36.0800   11
36.1200   16
36.1600   8
36.2000   14
36.2400   13
36.2800   12
36.3200   6
36.3600   15
36.4000   12
36.4400   13
36.4800   9
36.5200   10
36.5600   11
36.6000   11
36.6400   14
36.6800   15
36.7200   12
36.7600   18
36.8000   13
36.8400   15
36.8800   13
36.9200   14
36.9600   12
37.0000   21
37.0400   19
37.0800   18
37.1200   13
37.1600   31
37.2000   23
37.2400   19
37.2800   31
37.3200   36
37.3600   44
37.4000   38
37.4400   36
37.4800   34
37.5200   49
37.5600   62
37.6000   60
37.6400   56
37.6800   67
37.7200   69
37.7600   74
37.8000   67
37.8400   73
37.8800   64
37.9200   83
37.9600   63
38.0000   51
38.0400   67
38.0800   76
38.1200   83
38.1600   91
38.2000   102
38.2400   98
38.2800   92
38.3200   74
38.3600   66
38.4000   65
38.4400   60
38.4800   39
38.5200   67
38.5600   41
38.6000   48
38.6400   61
38.6800   50
38.7200   66
38.7600   66
38.8000   69
38.8400   92
38.8800   104
38.9200   94
38.9600   77
39.0000   76
39.0400   81
39.0800   53
39.1200   57
39.1600   48
39.2000   38
39.2400   37
39.2800   23
39.3200   34
39.3600   35
39.4000   28
39.4400   30
39.4800   20
39.5200   25
39.5600   15
39.6000   23
39.6400   28
39.6800   23
39.7200   22
39.7600   20
39.8000   15
39.8400   25
39.8800   17
39.9200   13
39.9600   23
40.0000   29
40.0400   28
40.0800   5
40.1200   15
40.1600   9
40.2000   20
40.2400   19
40.2800   14
40.3200   9
40.3600   14
40.4000   12
40.4400   5
40.4800   9
40.5200   10
40.5600   8
40.6000   9
40.6400   7
40.6800   11
40.7200   7
40.7600   5
40.8000   11
40.8400   7
40.8800   11
40.9200   6
40.9600   9
41.0000   8
41.0400   4
41.0800   6
41.1200   10
41.1600   11
41.2000   11
41.2400   10
41.2800   10
41.3200   12
41.3600   7
41.4000   12
41.4400   4
41.4800   14
41.5200   9
41.5600   6
41.6000   12
41.6400   6
41.6800   5
41.7200   5
41.7600   9
41.8000   6
41.8400   8
41.8800   9
41.9200   17
41.9600   15
42.0000   11
42.0400   12
42.0800   18
42.1200   18
42.1600   15
42.2000   16
42.2400   24
42.2800   17
42.3200   18
42.3600   31
42.4000   16
42.4400   20
42.4800   30
42.5200   17
42.5600   25
42.6000   32
42.6400   36
42.6800   23
42.7200   25
42.7600   34
42.8000   32
42.8400   28
42.8800   24
42.9200   28
42.9600   25
43.0000   32
43.0400   25
43.0800   12
43.1200   9
43.1600   15
43.2000   14
43.2400   11
43.2800   13
43.3200   8
43.3600   12
43.4000   9
43.4400   9
43.4800   6
43.5200   7
43.5600   10
43.6000   5
43.6400   14
43.6800   9
43.7200   11
43.7600   13
43.8000   8
43.8400   8
43.8800   11
43.9200   9
43.9600   5
44.0000   8
44.0400   13
44.0800   13
44.1200   3
44.1600   18
44.2000   9
44.2400   2
44.2800   7
44.3200   14
44.3600   6
44.4000   6
44.4400   8
44.4800   13
44.5200   10
44.5600   16
44.6000   10
44.6400   8
44.6800   15
44.7200   18
44.7600   8
44.8000   1
44.8400   18
44.8800   11
44.9200   10
44.9600   13
45.0000   11
45.0400   12
45.0800   10
45.1200   12
45.1600   22
45.2000   15
45.2400   17
45.2800   18
45.3200   22
45.3600   25
45.4000   27
45.4400   21
45.4800   27
45.5200   42
45.5600   33
45.6000   36
45.6400   33
45.6800   39
45.7200   48
45.7600   49
45.8000   56
45.8400   55
45.8800   49
45.9200   55
45.9600   57
46.0000   50
46.0400   53
46.0800   58
46.1200   47
46.1600   59
46.2000   49
46.2400   48
46.2800   50
46.3200   42
46.3600   39
46.4000   38
46.4400   59
46.4800   45
46.5200   36
46.5600   44
46.6000   44
46.6400   40
46.6800   37
46.7200   31
46.7600   34
46.8000   25
46.8400   18
46.8800   19
46.9200   19
46.9600   23
47.0000   15
47.0400   22
47.0800   15
47.1200   10
47.1600   17
47.2000   14
47.2400   18
47.2800   14
47.3200   15
47.3600   18
47.4000   13
47.4400   17
47.4800   18
47.5200   20
47.5600   9
47.6000   14
47.6400   9
47.6800   13
47.7200   16
47.7600   19
47.8000   9
47.8400   14
47.8800   13
47.9200   17
47.9600   16
48.0000   21
48.0400   18
48.0800   9
48.1200   20
48.1600   24
48.2000   23
48.2400   28
48.2800   22
48.3200   34
48.3600   32
48.4000   21
48.4400   45
48.4800   47
48.5200   46
48.5600   41
48.6000   60
48.6400   48
48.6800   53
48.7200   52
48.7600   54
48.8000   58
48.8400   71
48.8800   66
48.9200   72
48.9600   76
49.0000   86
49.0400   94
49.0800   117
49.1200   115
49.1600   120
49.2000   105
49.2400   120
49.2800   100
49.3200   99
49.3600   96
49.4000   123
49.4400   103
49.4800   92
49.5200   114
49.5600   137
49.6000   156
49.6400   172
49.6800   170
49.7200   195
49.7600   194
49.8000   163
49.8400   137
49.8800   122
49.9200   95
49.9600   63
50.0000   52
50.0400   54
50.0800   38
50.1200   32
50.1600   30
50.2000   27
50.2400   22
50.2800   28
50.3200   22
50.3600   22
50.4000   17
50.4400   13
50.4800   16
50.5200   26
50.5600   21
50.6000   19
50.6400   28
50.6800   22
50.7200   29
50.7600   36
50.8000   24
50.8400   26
50.8800   29
50.9200   33
50.9600   30
51.0000   24
51.0400   28
51.0800   27
51.1200   42
51.1600   29
51.2000   27
51.2400   23
51.2800   34
51.3200   30
51.3600   21
51.4000   22
51.4400   20
51.4800   28
51.5200   23
51.5600   20
51.6000   23
51.6400   21
51.6800   18
51.7200   18
51.7600   20
51.8000   15
51.8400   19
51.8800   31
51.9200   33
51.9600   27
52.0000   42
52.0400   41
52.0800   41
52.1200   39
52.1600   41
52.2000   46
52.2400   57
52.2800   61
52.3200   78
52.3600   66
52.4000   76
52.4400   84
52.4800   83
52.5200   103
52.5600   110
52.6000   111
52.6400   130
52.6800   155
52.7200   160
52.7600   146
52.8000   155
52.8400   144
52.8800   142
52.9200   96
52.9600   96
53.0000   76
53.0400   52
53.0800   50
53.1200   37
53.1600   33
53.2000   29
53.2400   25
53.2800   24
53.3200   29
53.3600   26
53.4000   20
53.4400   21
53.4800   33
53.5200   20
53.5600   13
53.6000   22
53.6400   25
53.6800   25
53.7200   25
53.7600   20
53.8000   25
53.8400   27
53.8800   30
53.9200   20
53.9600   26
54.0000   23
54.0400   34
54.0800   45
54.1200   50
54.1600   42
54.2000   40
54.2400   42
54.2800   41
54.3200   40
54.3600   46
54.4000   29
54.4400   33
54.4800   24
54.5200   21
54.5600   24
54.6000   24
54.6400   18
54.6800   24
54.7200   19
54.7600   29
54.8000   16
54.8400   23
54.8800   16
54.9200   19
54.9600   20
55.0000   24
55.0400   21
55.0800   29
55.1200   18
55.1600   16
55.2000   19
55.2400   32
55.2800   18
55.3200   27
55.3600   23
55.4000   27
55.4400   21
55.4800   28
55.5200   25
55.5600   15
55.6000   22
55.6400   17
55.6800   25
55.7200   22
55.7600   33
55.8000   25
55.8400   28
55.8800   28
55.9200   44
55.9600   41
56.0000   49
56.0400   62
56.0800   79
56.1200   73
56.1600   123
56.2000   144
56.2400   148
56.2800   133
56.3200   146
56.3600   132
56.4000   106
56.4400   96
56.4800   80
56.5200   61
56.5600   72
56.6000   49
56.6400   56
56.6800   44
56.7200   35
56.7600   50
56.8000   44
56.8400   36
56.8800   43
56.9200   40
56.9600   46
57.0000   60
57.0400   54
57.0800   58
57.1200   61
57.1600   83
57.2000   100
57.2400   122
57.2800   115
57.3200   120
57.3600   99
57.4000   93
57.4400   72
57.4800   76
57.5200   74
57.5600   62
57.6000   36
57.6400   39
57.6800   39
57.7200   30
57.7600   32
57.8000   27
57.8400   21
57.8800   30
57.9200   23
57.9600   36
58.0000   33
58.0400   26
58.0800   29
58.1200   35
58.1600   27
58.2000   42
58.2400   34
58.2800   29
58.3200   32
58.3600   37
58.4000   42
58.4400   31
58.4800   44
58.5200   47
58.5600   46
58.6000   36
58.6400   24
58.6800   32
58.7200   29
58.7600   20
58.8000   31
58.8400   18
58.8800   34
58.9200   28
58.9600   20
59.0000   17
59.0400   22
59.0800   24
59.1200   14
59.1600   23
59.2000   15
59.2400   17
59.2800   21
59.3200   22
59.3600   17
59.4000   15
59.4400   21
59.4800   17
59.5200   20
59.5600   14
59.6000   13
59.6400   20
59.6800   21
59.7200   18
59.7600   16
59.8000   20
59.8400   20
59.8800   19
59.9200   23
59.9600   22
60.0000   26
60.0400   16
60.0800   13
60.1200   19
60.1600   21
60.2000   16
60.2400   17
60.2800   22
60.3200   18
60.3600   22
60.4000   28
60.4400   9
60.4800   15
60.5200   19
60.5600   17
60.6000   14
60.6400   27
60.6800   22
60.7200   22
60.7600   25
60.8000   22
60.8400   29
60.8800   27
60.9200   38
60.9600   37
61.0000   47
61.0400   40
61.0800   42
61.1200   56
61.1600   58
61.2000   47
61.2400   68
61.2800   56
61.3200   52
61.3600   59
61.4000   57
61.4400   47
61.4800   56
61.5200   50
61.5600   55
61.6000   61
61.6400   51
61.6800   59
61.7200   60
61.7600   52
61.8000   47
61.8400   68
61.8800   53
61.9200   52
61.9600   46
62.0000   51
62.0400   50
62.0800   30
62.1200   36
62.1600   25
62.2000   31
62.2400   37
62.2800   36
62.3200   27
62.3600   33
62.4000   26
62.4400   39
62.4800   44
62.5200   36
62.5600   55
62.6000   58
62.6400   57
62.6800   67
62.7200   68
62.7600   67
62.8000   71
62.8400   80
62.8800   89
62.9200   73
62.9600   70
63.0000   55
63.0400   48
63.0800   44
63.1200   42
63.1600   53
63.2000   51
63.2400   50
63.2800   59
63.3200   39
63.3600   36
63.4000   53
63.4400   51
63.4800   54
63.5200   39
63.5600   31
63.6000   25
63.6400   37
63.6800   30
63.7200   30
63.7600   33
63.8000   24
63.8400   22
63.8800   19
63.9200   18
63.9600   25
64.0000   18
64.0400   22
64.0800   17
64.1200   16
64.1600   22
64.2000   20
64.2400   16
64.2800   13
64.3200   10
64.3600   19
64.4000   13
64.4400   11
64.4800   9
64.5200   18
64.5600   3
64.6000   9
64.6400   9
64.6800   7
64.7200   17
64.7600   8
64.8000   11
64.8400   17
64.8800   11
64.9200   9
64.9600   5
65.0000   10
65.0400   15
65.0800   17
65.1200   7
65.1600   16
65.2000   17
65.2400   14
65.2800   10
65.3200   17
65.3600   17
65.4000   19
65.4400   18
65.4800   26
65.5200   20
65.5600   13
65.6000   16
65.6400   23
65.6800   27
65.7200   25
65.7600   16
65.8000   28
65.8400   31
65.8800   32
65.9200   29
65.9600   39
66.0000   29
66.0400   39
66.0800   46
66.1200   40
66.1600   42
66.2000   43
66.2400   28
66.2800   25
66.3200   29
66.3600   22
66.4000   39
66.4400   24
66.4800   29
66.5200   27
66.5600   17
66.6000   22
66.6400   19
66.6800   15
66.7200   21
66.7600   21
66.8000   18
66.8400   15
66.8800   18
66.9200   14
66.9600   14
67.0000   11
67.0400   7
67.0800   13
67.1200   11
67.1600   21
67.2000   13
67.2400   12
67.2800   15
67.3200   11
67.3600   13
67.4000   7
67.4400   19
67.4800   15
67.5200   7
67.5600   10
67.6000   15
67.6400   8
67.6800   8
67.7200   6
67.7600   15
67.8000   12
67.8400   3
67.8800   12
67.9200   13
67.9600   10
68.0000   11
68.0400   7
68.0800   10
68.1200   9
68.1600   10
68.2000   5
68.2400   9
68.2800   6
68.3200   6
68.3600   9
68.4000   4
68.4400   14
68.4800   7
68.5200   10
68.5600   9
68.6000   7
68.6400   10
68.6800   15
68.7200   11
68.7600   6
68.8000   7
68.8400   4
68.8800   10
68.9200   17
68.9600   6
69.0000   9
69.0400   8
69.0800   9
69.1200   10
69.1600   13
69.2000   6
69.2400   8
69.2800   14
69.3200   9
69.3600   12
69.4000   12
69.4400   14
69.4800   15
69.5200   15
69.5600   8
69.6000   13
69.6400   12
69.6800   9
69.7200   11
69.7600   9
69.8000   10
69.8400   18
69.8800   10
69.9200   21
69.9600   16
70.0000   9
70.0400   11
70.0800   19
70.1200   15
70.1600   22
70.2000   24
70.2400   27
70.2800   18
70.3200   17
70.3600   18
70.4000   20
70.4400   17
70.4800   29
70.5200   23
70.5600   22
70.6000   25
70.6400   16
70.6800   20
70.7200   16
70.7600   36
70.8000   24
70.8400   18
70.8800   14
70.9200   19
70.9600   20
71.0000   19
71.0400   19
71.0800   14
71.1200   16
71.1600   26
71.2000   12
71.2400   19
71.2800   17
71.3200   17
71.3600   14
71.4000   8
71.4400   17
71.4800   15
71.5200   13
71.5600   15
71.6000   15
71.6400   22
71.6800   24
71.7200   27
71.7600   32
71.8000   36
71.8400   31
71.8800   36
71.9200   37
71.9600   46
72.0000   41
72.0400   44
72.0800   36
72.1200   54
72.1600   41
72.2000   37
72.2400   31
72.2800   37
72.3200   32
72.3600   27
72.4000   28
72.4400   36
72.4800   38
72.5200   30
72.5600   20
72.6000   33
72.6400   52
72.6800   30
72.7200   36
72.7600   35
72.8000   39
72.8400   34
72.8800   38
72.9200   49
72.9600   38
73.0000   51
73.0400   42
73.0800   36
73.1200   31
73.1600   38
73.2000   37
73.2400   39
73.2800   26
73.3200   45
73.3600   31
73.4000   31
73.4400   23
73.4800   32
73.5200   25
73.5600   37
73.6000   35
73.6400   36
73.6800   34
73.7200   44
73.7600   37
73.8000   48
73.8400   49
73.8800   60
73.9200   57
73.9600   47
74.0000   50
74.0400   58
74.0800   49
74.1200   60
74.1600   51
74.2000   49
74.2400   41
74.2800   43
74.3200   39
74.3600   43
74.4000   42
74.4400   41
74.4800   55
74.5200   38
74.5600   40
74.6000   46
74.6400   39
74.6800   47
74.7200   26
74.7600   35
74.8000   28
74.8400   29
74.8800   19
74.9200   31
74.9600   15
75.0000   28
75.0400   26
75.0800   14
75.1200   22
75.1600   26
75.2000   17
75.2400   17
75.2800   22
75.3200   18
75.3600   21
75.4000   23
75.4400   13
75.4800   18
75.5200   10
75.5600   15
75.6000   21
75.6400   15
75.6800   25
75.7200   18
75.7600   21
75.8000   19
75.8400   25
75.8800   16
75.9200   18
75.9600   17
76.0000   21
76.0400   20
76.0800   22
76.1200   25
76.1600   33
76.2000   29
76.2400   29
76.2800   30
76.3200   34
76.3600   28
76.4000   27
76.4400   24
76.4800   26
76.5200   32
76.5600   21
76.6000   22
76.6400   22
76.6800   15
76.7200   15
76.7600   15
76.8000   15
76.8400   16
76.8800   6
76.9200   11
76.9600   5
77.0000   13
77.0400   10
77.0800   12
77.1200   12
77.1600   9
77.2000   9
77.2400   15
77.2800   18
77.3200   11
77.3600   12
77.4000   6
77.4400   10
77.4800   16
77.5200   22
77.5600   9
77.6000   14
77.6400   16
77.6800   14
77.7200   9
77.7600   12
77.8000   17
77.8400   9
77.8800   12
77.9200   11
77.9600   14
78.0000   15
78.0400   6
78.0800   9
78.1200   14
78.1600   14
78.2000   10
78.2400   14
78.2800   19
78.3200   21
78.3600   19
78.4000   28
78.4400   19
78.4800   25
78.5200   21
78.5600   24
78.6000   12
78.6400   31
78.6800   45
78.7200   50
78.7600   37
78.8000   41
78.8400   43
78.8800   39
78.9200   21
78.9600   33
79.0000   31
79.0400   28
79.0800   20
79.1200   31
79.1600   21
79.2000   22
79.2400   17
79.2800   15
79.3200   16
79.3600   12
79.4000   13
79.4400   14
79.4800   14
79.5200   8
79.5600   15
79.6000   14
79.6400   11
79.6800   17
79.7200   18
79.7600   7
79.8000   21
79.8400   17
79.8800   17
79.9200   16
79.9600   15
80.0000   18
