05.0000   32
05.0400   27
05.0800   42
05.1200   37
05.1600   28
05.2000   44
05.2400   42
05.2800   30
05.3200   38
05.3600   33
05.4000   40
05.4400   39
05.4800   31
05.5200   26
05.5600   28
05.6000   41
05.6400   42
05.6800   35
05.7200   40
05.7600   31
05.8000   31
05.8400   32
05.8800   36
05.9200   43
05.9600   45
06.0000   35
06.0400   24
06.0800   35
06.1200   30
06.1600   29
06.2000   25
06.2400   27
06.2800   22
06.3200   31
06.3600   28
06.4000   29
06.4400   23
06.4800   25
06.5200   21
06.5600   28
06.6000   22
06.6400   37
06.6800   17
06.7200   18
06.7600   17
06.8000   14
06.8400   25
06.8800   20
06.9200   23
06.9600   21
07.0000   24
07.0400   11
07.0800   24
07.1200   22
07.1600   16
07.2000   16
07.2400   19
07.2800   18
07.3200   25
07.3600   25
07.4000   20
07.4400   20
07.4800   10
07.5200   22
07.5600   12
07.6000   14
07.6400   21
07.6800   15
07.7200   19
07.7600   18
07.8000   19
07.8400   13
07.8800   19
07.9200   12
07.9600   13
08.0000   17
08.0400   18
08.0800   16
08.1200   9
08.1600   15
08.2000   19
08.2400   23
08.2800   17
08.3200   14
08.3600   22
08.4000   18
08.4400   15
08.4800   16
08.5200   22
08.5600   10
08.6000   15
08.6400   17
08.6800   16
08.7200   16
08.7600   13
08.8000   9
08.8400   12
08.8800   23
08.9200   20
08.9600   15
09.0000   12
09.0400   13
09.0800   17
09.1200   19
09.1600   15
09.2000   20
09.2400   8
09.2800   23
09.3200   16
09.3600   17
09.4000   8
09.4400   15
09.4800   17
09.5200   8
09.5600   17
09.6000   13
09.6400   18
09.6800   21
09.7200   16
09.7600   17
09.8000   14
09.8400   16
09.8800   4
09.9200   12
09.9600   17
10.0000   17
10.0400   10
10.0800   5
10.1200   14
10.1600   18
10.2000   13
10.2400   16
10.2800   13
10.3200   11
10.3600   15
10.4000   8
10.4400   8
10.4800   25
10.5200   13
10.5600   13
10.6000   10
10.6400   13
10.6800   10
10.7200   15
10.7600   8
10.8000   9
10.8400   9
10.8800   17
10.9200   11
10.9600   11
11.0000   11
11.0400   7
11.0800   14
11.1200   13
11.1600   14
11.2000   9
11.2400   12
11.2800   11
11.3200   10
11.3600   15
11.4000   8
11.4400   12
11.4800   10
11.5200   14
11.5600   9
11.6000   8
11.6400   11
11.6800   13
11.7200   7
11.7600   16
11.8000   14
11.8400   12
11.8800   9
11.9200   10
11.9600   14
12.0000   14
12.0400   15
12.0800   12
12.1200   10
12.1600   15
12.2000   15
12.2400   11
12.2800   10
12.3200   19
12.3600   10
12.4000   14
12.4400   12
12.4800   8
12.5200   10
12.5600   15
12.6000   6
12.6400   10
12.6800   10
12.7200   16
12.7600   9
12.8000   15
12.8400   9
12.8800   10
12.9200   14
12.9600   9
13.0000   10
13.0400   9
13.0800   11
13.1200   10
13.1600   5
13.2000   19
13.2400   14
13.2800   9
13.3200   13
13.3600   8
13.4000   16
13.4400   14
13.4800   13
13.5200   13
13.5600   12
13.6000   10
13.6400   11
13.6800   9
13.7200   8
13.7600   10
13.8000   7
13.8400   18
13.8800   11
13.9200   9
13.9600   11
14.0000   8
14.0400   10
14.0800   11
14.1200   12
14.1600   13
14.2000   15
14.2400   15
14.2800   12
14.3200   10
14.3600   14
14.4000   13
14.4400   12
14.4800   6
14.5200   10
14.5600   9
14.6000   7
14.6400   14
14.6800   5
14.7200   14
14.7600   7
14.8000   15
14.8400   6
14.8800   8
14.9200   11
14.9600   14
15.0000   13
15.0400   14
15.0800   8
15.1200   9
15.1600   10
15.2000   8
15.2400   11
15.2800   5
15.3200   9
15.3600   5
15.4000   7
15.4400   9
15.4800   12
15.5200   14
15.5600   12
15.6000   13
15.6400   17
15.6800   12
15.7200   13
15.7600   13
15.8000   12
15.8400   9
15.8800   11
15.9200   11
15.9600   5
16.0000   8
16.0400   11
16.0800   11
16.1200   8
16.1600   9
16.2000   12
16.2400   2
16.2800   8
16.3200   18
16.3600   12
16.4000   19
16.4400   11
16.4800   7
16.5200   9
16.5600   12
16.6000   11
16.6400   8
16.6800   13
16.7200   10
16.7600   12
16.8000   9
16.8400   9
16.8800   9
16.9200   8
16.9600   16
17.0000   8
17.0400   9
17.0800   10
17.1200   10
17.1600   9
17.2000   9
17.2400   8
17.2800   15
17.3200   12
17.3600   13
17.4000   5
17.4400   10
17.4800   6
17.5200   11
17.5600   9
17.6000   11
17.6400   8
17.6800   9
17.7200   13
17.7600   8
17.8000   15
17.8400   8
17.8800   8
17.9200   14
17.9600   10
18.0000   13
18.0400   12
18.0800   6
18.1200   13
18.1600   7
18.2000   8
18.2400   10
18.2800   7
18.3200   8
18.3600   11
18.4000   8
18.4400   11
18.4800   13
18.5200   7
18.5600   7
18.6000   9
18.6400   16
18.6800   6
18.7200   6
18.7600   4
18.8000   10
18.8400   9
18.8800   9
18.9200   8
18.9600   9
19.0000   8
19.0400   16
19.0800   7
19.1200   6
19.1600   9
19.2000   9
19.2400   6
19.2800   16
19.3200   8
19.3600   9
19.4000   10
19.4400   3
19.4800   11
19.5200   10
19.5600   10
19.6000   12
19.6400   12
19.6800   10
19.7200   7
19.7600   12
19.8000   15
19.8400   12
19.8800   9
19.9200   10
19.9600   2
20.0000   6
20.0400   6
20.0800   7
20.1200   9
20.1600   9
20.2000   9
20.2400   13
20.2800   5
20.3200   10
20.3600   11
20.4000   5
20.4400   12
20.4800   9
20.5200   13
20.5600   12
20.6000   12
20.6400   9
20.6800   8
20.7200   7
20.7600   2
20.8000   12
20.8400   16
20.8800   8
20.9200   10
20.9600   5
21.0000   16
21.0400   9
21.0800   5
21.1200   8
21.1600   10
21.2000   7
21.2400   4
21.2800   10
21.3200   14
21.3600   9
21.4000   10
21.4400   9
21.4800   6
21.5200   8
21.5600   10
21.6000   11
21.6400   7
21.6800   9
21.7200   11
21.7600   12
21.8000   9
21.8400   8
21.8800   14
21.9200   4
21.9600   10
22.0000   12
22.0400   10
22.0800   15
22.1200   10
22.1600   12
22.2000   8
22.2400   12
22.2800   9
22.3200   9
22.3600   9
22.4000   7
22.4400   11
22.4800   10
22.5200   9
22.5600   7
22.6000   11
22.6400   13
22.6800   12
22.7200   21
22.7600   7
22.8000   12
22.8400   15
22.8800   10
22.9200   9
22.9600   7
23.0000   6
23.0400   12
23.0800   10
23.1200   11
23.1600   14
23.2000   10
23.2400   10
23.2800   14
23.3200   12
23.3600   3
23.4000   13
23.4400   11
23.4800   11
23.5200   8
23.5600   11
23.6000   17
23.6400   20
23.6800   8
23.7200   14
23.7600   17
23.8000   11
23.8400   12
23.8800   13
23.9200   15
23.9600   10
24.0000   7
24.0400   13
24.0800   6
24.1200   9
24.1600   15
24.2000   16
24.2400   7
24.2800   13
24.3200   9
24.3600   19
24.4000   12
24.4400   16
24.4800   15
24.5200   15
24.5600   10
24.6000   12
24.6400   15
24.6800   8
24.7200   7
24.7600   5
24.8000   9
24.8400   13
24.8800   15
24.9200   9
24.9600   15
25.0000   11
25.0400   15
25.0800   15
25.1200   16
25.1600   16
25.2000   14
25.2400   13
25.2800   14
25.3200   24
25.3600   20
25.4000   17
25.4400   17
25.4800   20
25.5200   26
25.5600   19
25.6000   22
25.6400   30
25.6800   20
25.7200   26
25.7600   22
25.8000   21
25.8400   26
25.8800   18
25.9200   22
25.9600   23
26.0000   19
26.0400   23
26.0800   17
26.1200   33
26.1600   27
26.2000   28
26.2400   27
26.2800   28
26.3200   21
26.3600   19
26.4000   28
26.4400   30
26.4800   29
26.5200   19
26.5600   27
26.6000   34
26.6400   37
26.6800   33
26.7200   39
26.7600   44
26.8000   38
26.8400   46
26.8800   39
26.9200   43
26.9600   49
27.0000   43
27.0400   47
27.0800   51
27.1200   58
27.1600   54
27.2000   58
27.2400   45
27.2800   50
27.3200   38
27.3600   46
27.4000   45
27.4400   56
27.4800   40
27.5200   36
27.5600   34
27.6000   34
27.6400   35
27.6800   27
27.7200   32
27.7600   29
27.8000   26
27.8400   20
27.8800   26
27.9200   21
27.9600   27
28.0000   28
28.0400   17
28.0800   26
28.1200   20
28.1600   20
28.2000   18
28.2400   21
28.2800   28
28.3200   16
28.3600   21
28.4000   25
28.4400   26
28.4800   28
28.5200   19
28.5600   24
28.6000   22
28.6400   24
28.6800   29
28.7200   19
28.7600   28
28.8000   21
28.8400   28
28.8800   29
28.9200   26
28.9600   35
29.0000   23
29.0400   29
29.0800   22
29.1200   29
29.1600   34
29.2000   28
29.2400   36
29.2800   26
29.3200   34
29.3600   35
29.4000   34
29.4400   26
29.4800   31
29.5200   30
29.5600   27
29.6000   22
29.6400   25
29.6800   20
29.7200   25
29.7600   25
29.8000   17
29.8400   21
29.8800   22
29.9200   19
29.9600   20
30.0000   27
30.0400   28
30.0800   15
30.1200   17
30.1600   13
30.2000   18
30.2400   17
30.2800   11
30.3200   14
30.3600   15
30.4000   16
30.4400   15
30.4800   22
30.5200   17
30.5600   16
30.6000   13
30.6400   7
30.6800   13
30.7200   15
30.7600   16
30.8000   16
30.8400   17
30.8800   15
30.9200   15
30.9600   15
31.0000   14
31.0400   8
31.0800   16
31.1200   9
31.1600   14
31.2000   18
31.2400   11
31.2800   6
31.3200   13
31.3600   10
31.4000   7
31.4400   8
31.4800   20
31.5200   11
31.5600   4
31.6000   14
31.6400   14
31.6800   9
31.7200   16
31.7600   12
31.8000   15
31.8400   19
31.8800   6
31.9200   16
31.9600   15
32.0000   19
32.0400   10
32.0800   12
32.1200   9
32.1600   5
32.2000   9
32.2400   11
32.2800   9
32.3200   7
32.3600   10
32.4000   9
32.4400   10
32.4800   9
32.5200   14
32.5600   9
32.6000   6
32.6400   6
32.6800   12
32.7200   10
32.7600   7
32.8000   12
32.8400   6
32.8800   7
32.9200   9
32.9600   10
33.0000   8
33.0400   7
33.0800   8
33.1200   5
33.1600   8
33.2000   11
33.2400   4
33.2800   8
33.3200   10
33.3600   6
33.4000   10
33.4400   6
33.4800   9
33.5200   7
33.5600   15
33.6000   12
33.6400   8
33.6800   5
33.7200   7
33.7600   9
33.8000   16
33.8400   4
33.8800   5
33.9200   4
33.9600   13
34.0000   15
34.0400   5
34.0800   10
34.1200   11
34.1600   11
34.2000   8
34.2400   10
34.2800   9
34.3200   12
34.3600   10
34.4000   8
34.4400   7
34.4800   10
34.5200   10
34.5600   11
34.6000   6
34.6400   8
34.6800   15
34.7200   9
34.7600   11
34.8000   8
34.8400   11
34.8800   12
34.9200   6
34.9600   4
35.0000   6
35.0400   4
35.0800   11
35.1200   5
35.1600   14
35.2000   8
35.2400   7
35.2800   6
35.3200   7
35.3600   8
35.4000   3
35.4400   9
35.4800   7
35.5200   10
35.5600   7
35.6000   10
35.6400   12
35.6800   10
35.7200   10
35.7600   8
35.8000   11
35.8400   10
35.8800   10
35.9200   5
35.9600   9
36.0000   7
36.0400   11
36.0800   8
36.1200   9
36.1600   8
36.2000   11
36.2400   11
36.2800   11
36.3200   10
36.3600   12
36.4000   7
36.4400   7
36.4800   4
36.5200   12
36.5600   9
36.6000   9
36.6400   8
36.6800   5
36.7200   5
36.7600   11
36.8000   6
36.8400   10
36.8800   9
36.9200   6
36.9600   12
37.0000   8
37.0400   9
37.0800   7
37.1200   7
37.1600   11
37.2000   10
37.2400   7
37.2800   11
37.3200   15
37.3600   11
37.4000   15
37.4400   5
37.4800   10
37.5200   6
37.5600   9
37.6000   9
37.6400   11
37.6800   19
37.7200   10
37.7600   17
37.8000   10
37.8400   9
37.8800   15
37.9200   10
37.9600   10
38.0000   12
38.0400   8
38.0800   14
38.1200   9
38.1600   15
38.2000   16
38.2400   12
38.2800   10
38.3200   12
38.3600   9
38.4000   9
38.4400   5
38.4800   7
38.5200   5
38.5600   9
38.6000   10
38.6400   9
38.6800   10
38.7200   6
38.7600   9
38.8000   10
38.8400   12
38.8800   10
38.9200   13
38.9600   13
39.0000   11
39.0400   3
39.0800   7
39.1200   9
39.1600   10
39.2000   7
39.2400   8
39.2800   10
39.3200   6
39.3600   6
39.4000   6
39.4400   6
39.4800   3
39.5200   6
39.5600   7
39.6000   7
39.6400   10
39.6800   9
39.7200   3
39.7600   4
39.8000   9
39.8400   7
39.8800   5
39.9200   8
39.9600   12
40.0000   6
40.0400   5
40.0800   4
40.1200   11
40.1600   9
40.2000   13
40.2400   3
40.2800   11
40.3200   4
40.3600   4
40.4000   12
40.4400   6
40.4800   8
40.5200   7
40.5600   6
40.6000   10
40.6400   11
40.6800   4
40.7200   10
40.7600   8
40.8000   8
40.8400   1
40.8800   11
40.9200   14
40.9600   6
41.0000   5
41.0400   9
41.0800   12
41.1200   6
41.1600   6
41.2000   8
41.2400   10
41.2800   11
41.3200   7
41.3600   10
41.4000   7
41.4400   6
41.4800   8
41.5200   8
41.5600   11
41.6000   11
41.6400   9
41.6800   9
41.7200   8
41.7600   7
41.8000   14
41.8400   9
41.8800   8
41.9200   3
41.9600   10
42.0000   4
42.0400   6
42.0800   13
42.1200   13
42.1600   12
42.2000   6
42.2400   15
42.2800   9
42.3200   9
42.3600   8
42.4000   9
42.4400   14
42.4800   12
42.5200   12
42.5600   12
42.6000   6
42.6400   12
42.6800   12
42.7200   10
42.7600   10
42.8000   13
42.8400   18
42.8800   14
42.9200   9
42.9600   12
43.0000   9
43.0400   18
43.0800   9
43.1200   18
43.1600   18
43.2000   7
43.2400   13
43.2800   13
43.3200   20
43.3600   17
43.4000   13
43.4400   13
43.4800   16
43.5200   11
43.5600   22
43.6000   14
43.6400   20
43.6800   12
43.7200   11
43.7600   13
43.8000   14
43.8400   15
43.8800   19
43.9200   15
43.9600   18
44.0000   12
44.0400   14
44.0800   20
44.1200   16
44.1600   13
44.2000   13
44.2400   17
44.2800   7
44.3200   17
44.3600   9
44.4000   16
44.4400   16
44.4800   16
44.5200   12
44.5600   19
44.6000   15
44.6400   11
44.6800   11
44.7200   15
44.7600   19
44.8000   10
44.8400   12
44.8800   16
44.9200   20
44.9600   22
45.0000   10
45.0400   10
45.0800   16
45.1200   15
45.1600   18
45.2000   16
45.2400   14
45.2800   16
45.3200   11
45.3600   10
45.4000   13
45.4400   14
45.4800   19
45.5200   14
45.5600   20
45.6000   18
45.6400   19
45.6800   13
45.7200   7
45.7600   13
45.8000   10
45.8400   19
45.8800   14
45.9200   15
45.9600   10
46.0000   17
46.0400   9
46.0800   9
46.1200   10
46.1600   7
46.2000   17
46.2400   9
46.2800   12
46.3200   20
46.3600   19
46.4000   11
46.4400   12
46.4800   18
46.5200   11
46.5600   13
46.6000   13
46.6400   21
46.6800   21
46.7200   11
46.7600   11
46.8000   20
46.8400   20
46.8800   23
46.9200   18
46.9600   24
47.0000   17
47.0400   16
47.0800   19
47.1200   10
47.1600   19
47.2000   19
47.2400   13
47.2800   16
47.3200   17
47.3600   20
47.4000   22
47.4400   19
47.4800   23
47.5200   16
47.5600   25
47.6000   22
47.6400   18
47.6800   16
47.7200   17
47.7600   16
47.8000   12
47.8400   28
47.8800   19
47.9200   11
47.9600   17
48.0000   18
48.0400   20
48.0800   16
48.1200   15
48.1600   12
48.2000   23
48.2400   25
48.2800   17
48.3200   20
48.3600   19
48.4000   23
48.4400   16
48.4800   19
48.5200   23
48.5600   20
48.6000   28
48.6400   25
48.6800   19
48.7200   22
48.7600   20
48.8000   20
48.8400   26
48.8800   15
48.9200   15
48.9600   17
49.0000   21
49.0400   16
49.0800   17
49.1200   18
49.1600   20
49.2000   28
49.2400   26
49.2800   26
49.3200   19
49.3600   18
49.4000   22
49.4400   18
49.4800   20
49.5200   16
49.5600   12
49.6000   17
49.6400   15
49.6800   21
49.7200   11
49.7600   13
49.8000   15
49.8400   10
49.8800   15
49.9200   20
49.9600   18
50.0000   20
50.0400   15
50.0800   16
50.1200   15
50.1600   16
50.2000   11
50.2400   13
50.2800   13
50.3200   12
50.3600   17
50.4000   16
50.4400   21
50.4800   16
50.5200   14
50.5600   16
50.6000   14
50.6400   14
50.6800   23
50.7200   14
50.7600   15
50.8000   15
50.8400   24
50.8800   5
50.9200   20
50.9600   11
51.0000   19
51.0400   25
51.0800   19
51.1200   13
51.1600   16
51.2000   17
51.2400   19
51.2800   16
51.3200   11
51.3600   12
51.4000   17
51.4400   18
51.4800   16
51.5200   22
51.5600   16
51.6000   12
51.6400   14
51.6800   17
51.7200   16
51.7600   17
51.8000   15
51.8400   15
51.8800   16
51.9200   20
51.9600   16
52.0000   12
52.0400   14
52.0800   18
52.1200   22
52.1600   23
52.2000   11
52.2400   20
52.2800   16
52.3200   17
52.3600   25
52.4000   23
52.4400   17
52.4800   22
52.5200   19
52.5600   13
52.6000   14
52.6400   10
52.6800   24
52.7200   19
52.7600   17
52.8000   16
52.8400   20
52.8800   20
52.9200   20
52.9600   15
53.0000   19
53.0400   16
53.0800   23
53.1200   13
53.1600   16
53.2000   12
53.2400   20
53.2800   20
53.3200   28
53.3600   16
53.4000   14
53.4400   14
53.4800   10
53.5200   15
53.5600   17
53.6000   25
53.6400   13
53.6800   18
53.7200   11
53.7600   10
53.8000   10
53.8400   17
53.8800   3
53.9200   14
53.9600   19
54.0000   7
54.0400   9
54.0800   16
54.1200   17
54.1600   17
54.2000   16
54.2400   13
54.2800   15
54.3200   11
54.3600   15
54.4000   16
54.4400   9
54.4800   16
54.5200   14
54.5600   14
54.6000   15
54.6400   11
54.6800   7
54.7200   13
54.7600   11
54.8000   20
54.8400   13
54.8800   14
54.9200   7
54.9600   10
55.0000   10
55.0400   14
55.0800   11
55.1200   12
55.1600   13
55.2000   12
55.2400   9
55.2800   8
55.3200   7
55.3600   9
55.4000   8
55.4400   14
55.4800   10
55.5200   8
55.5600   16
55.6000   10
55.6400   4
55.6800   11
55.7200   10
55.7600   11
55.8000   8
55.8400   5
55.8800   12
55.9200   8
55.9600   4
56.0000   5
56.0400   7
56.0800   7
56.1200   9
56.1600   14
56.2000   7
56.2400   11
56.2800   9
56.3200   9
56.3600   3
56.4000   6
56.4400   3
56.4800   8
56.5200   5
56.5600   13
56.6000   9
56.6400   8
56.6800   9
56.7200   7
56.7600   5
56.8000   10
56.8400   6
56.8800   5
56.9200   7
56.9600   6
57.0000   8
57.0400   6
57.0800   4
57.1200   9
57.1600   7
57.2000   6
57.2400   14
57.2800   8
57.3200   6
57.3600   8
57.4000   9
57.4400   8
57.4800   8
57.5200   8
57.5600   6
57.6000   4
57.6400   4
57.6800   13
57.7200   7
57.7600   9
57.8000   8
57.8400   8
57.8800   3
57.9200   1
57.9600   9
58.0000   5
58.0400   7
58.0800   3
58.1200   7
58.1600   3
58.2000   3
58.2400   6
58.2800   3
58.3200   8
58.3600   6
58.4000   8
58.4400   5
58.4800   7
58.5200   5
58.5600   11
58.6000   10
58.6400   5
58.6800   6
58.7200   3
58.7600   7
58.8000   4
58.8400   6
58.8800   2
58.9200   8
58.9600   5
59.0000   5
59.0400   5
59.0800   9
59.1200   6
59.1600   10
59.2000   8
59.2400   2
59.2800   6
59.3200   9
59.3600   10
59.4000   5
59.4400   5
59.4800   6
59.5200   2
59.5600   12
59.6000   12
59.6400   9
59.6800   6
59.7200   8
59.7600   5
59.8000   8
59.8400   10
59.8800   4
59.9200   9
59.9600   6
60.0000   8
60.0400   8
60.0800   9
60.1200   3
60.1600   6
60.2000   2
60.2400   4
60.2800   8
60.3200   9
60.3600   6
60.4000   3
60.4400   6
60.4800   5
60.5200   3
60.5600   10
60.6000   5
60.6400   6
60.6800   6
60.7200   7
60.7600   5
60.8000   6
60.8400   3
60.8800   7
60.9200   1
60.9600   4
61.0000   8
61.0400   11
61.0800   10
61.1200   8
61.1600   7
61.2000   2
61.2400   9
61.2800   7
61.3200   6
61.3600   5
61.4000   5
61.4400   6
61.4800   3
61.5200   6
61.5600   2
61.6000   4
61.6400   2
61.6800   6
61.7200   7
61.7600   2
61.8000   10
61.8400   6
61.8800   8
61.9200   3
61.9600   4
62.0000   4
62.0400   3
62.0800   5
62.1200   6
62.1600   2
62.2000   7
62.2400   2
62.2800   2
62.3200   7
62.3600   10
62.4000   6
62.4400   7
62.4800   2
62.5200   5
62.5600   4
62.6000   2
62.6400   5
62.6800   7
62.7200   5
62.7600   6
62.8000   6
62.8400   8
62.8800   3
62.9200   7
62.9600   3
63.0000   5
63.0400   4
63.0800   1
63.1200   7
63.1600   9
63.2000   7
63.2400   2
63.2800   5
63.3200   5
63.3600   6
63.4000   4
63.4400   6
63.4800   2
63.5200   7
63.5600   1
63.6000   4
63.6400   3
63.6800   10
63.7200   3
63.7600   4
63.8000   4
63.8400   5
63.8800   8
63.9200   4
63.9600   4
64.0000   5
64.0400   9
64.0800   2
64.1200   6
64.1600   6
64.2000   4
64.2400   3
64.2800   3
64.3200   5
64.3600   8
64.4000   3
64.4400   6
64.4800   7
64.5200   5
64.5600   3
64.6000   6
64.6400   3
64.6800   4
64.7200   4
64.7600   4
64.8000   5
64.8400   6
64.8800   6
64.9200   6
64.9600   3
65.0000   6
65.0400   6
65.0800   7
65.1200   6
65.1600   5
65.2000   4
65.2400   4
65.2800   6
65.3200   7
65.3600   3
65.4000   5
65.4400   9
65.4800   5
65.5200   4
65.5600   7
65.6000   8
65.6400   5
65.6800   4
65.7200   7
65.7600   4
65.8000   1
65.8400   2
65.8800   10
65.9200   3
65.9600   5
66.0000   9
66.0400   4
66.0800   3
66.1200   3
66.1600   5
66.2000   9
66.2400   8
66.2800   6
66.3200   11
66.3600   5
66.4000   6
66.4400   4
66.4800   6
66.5200   5
66.5600   3
66.6000   6
66.6400   8
66.6800   5
66.7200   6
66.7600   10
66.8000   5
66.8400   9
66.8800   5
66.9200   4
66.9600   7
67.0000   4
67.0400   5
67.0800   5
67.1200   4
67.1600   9
67.2000   4
67.2400   8
67.2800   7
67.3200   6
67.3600   6
67.4000   10
67.4400   4
67.4800   7
67.5200   8
67.5600   7
67.6000   9
67.6400   6
67.6800   5
67.7200   7
67.7600   7
67.8000   9
67.8400   7
67.8800   4
67.9200   8
67.9600   7
68.0000   6
68.0400   12
68.0800   5
68.1200   5
68.1600   9
68.2000   8
68.2400   12
68.2800   9
68.3200   11
68.3600   12
68.4000   5
68.4400   5
68.4800   3
68.5200   15
68.5600   12
68.6000   7
68.6400   7
68.6800   10
68.7200   5
68.7600   7
68.8000   9
68.8400   11
68.8800   9
68.9200   7
68.9600   8
69.0000   13
69.0400   2
69.0800   9
69.1200   13
69.1600   7
69.2000   11
69.2400   4
69.2800   10
69.3200   6
69.3600   8
69.4000   7
69.4400   3
69.4800   9
69.5200   4
69.5600   9
69.6000   6
69.6400   3
69.6800   7
69.7200   8
69.7600   6
69.8000   8
69.8400   7
69.8800   8
69.9200   8
69.9600   9
70.0000   5
70.0400   6
70.0800   4
70.1200   10
70.1600   11
70.2000   6
70.2400   12
70.2800   7
70.3200   2
70.3600   5
70.4000   7
70.4400   10
70.4800   8
70.5200   10
70.5600   9
70.6000   5
70.6400   7
70.6800   6
70.7200   9
70.7600   10
70.8000   7
70.8400   10
70.8800   10
70.9200   5
70.9600   5
71.0000   5
71.0400   8
71.0800   8
71.1200   5
71.1600   7
71.2000   6
71.2400   3
71.2800   16
71.3200   13
71.3600   7
71.4000   4
71.4400   4
71.4800   11
71.5200   6
71.5600   5
71.6000   8
71.6400   9
71.6800   6
71.7200   8
71.7600   6
71.8000   7
71.8400   7
71.8800   5
71.9200   10
71.9600   10
72.0000   4
72.0400   6
72.0800   3
72.1200   7
72.1600   9
72.2000   2
72.2400   7
72.2800   9
72.3200   6
72.3600   9
72.4000   5
72.4400   6
72.4800   9
72.5200   11
72.5600   10
72.6000   8
72.6400   9
72.6800   8
72.7200   2
72.7600   6
72.8000   8
72.8400   5
72.8800   8
72.9200   12
72.9600   1
73.0000   8
73.0400   7
73.0800   6
73.1200   10
73.1600   7
73.2000   13
73.2400   6
73.2800   11
73.3200   9
73.3600   10
73.4000   7
73.4400   5
73.4800   12
73.5200   9
73.5600   7
73.6000   9
73.6400   5
73.6800   8
73.7200   8
73.7600   6
73.8000   4
73.8400   3
73.8800   7
73.9200   11
73.9600   9
74.0000   5
74.0400   6
74.0800   4
74.1200   14
74.1600   11
74.2000   12
74.2400   6
74.2800   9
74.3200   5
74.3600   5
74.4000   8
74.4400   5
74.4800   8
74.5200   6
74.5600   11
74.6000   5
74.6400   6
74.6800   8
74.7200   10
74.7600   8
74.8000   12
74.8400   6
74.8800   4
74.9200   12
74.9600   6
75.0000   4
75.0400   11
75.0800   8
75.1200   12
75.1600   10
75.2000   13
75.2400   8
75.2800   6
75.3200   11
75.3600   13
75.4000   9
75.4400   13
75.4800   5
75.5200   9
75.5600   12
75.6000   7
75.6400   7
75.6800   8
75.7200   9
75.7600   17
75.8000   6
75.8400   5
75.8800   12
75.9200   7
75.9600   8
76.0000   7
76.0400   7
76.0800   15
76.1200   15
76.1600   8
76.2000   9
76.2400   17
76.2800   9
76.3200   11
76.3600   6
76.4000   7
76.4400   8
76.4800   11
76.5200   9
76.5600   6
76.6000   10
76.6400   7
76.6800   14
76.7200   13
76.7600   8
76.8000   6
76.8400   13
76.8800   9
76.9200   3
76.9600   8
77.0000   5
77.0400   8
77.0800   8
77.1200   8
77.1600   7
77.2000   7
77.2400   7
77.2800   9
77.3200   6
77.3600   5
77.4000   9
77.4400   6
77.4800   14
77.5200   7
77.5600   7
77.6000   9
77.6400   9
77.6800   10
77.7200   7
77.7600   10
77.8000   7
77.8400   7
77.8800   12
77.9200   10
77.9600   4
78.0000   10
78.0400   4
78.0800   10
78.1200   8
78.1600   4
78.2000   10
78.2400   8
78.2800   3
78.3200   8
78.3600   4
78.4000   3
78.4400   4
78.4800   2
78.5200   9
78.5600   8
78.6000   4
78.6400   4
78.6800   8
78.7200   6
78.7600   5
78.8000   10
78.8400   10
78.8800   8
78.9200   6
78.9600   11
79.0000   6
79.0400   7
79.0800   9
79.1200   8
79.1600   5
79.2000   5
79.2400   8
79.2800   6
79.3200   7
79.3600   9
79.4000   8
79.4400   9
79.4800   10
79.5200   10
79.5600   7
79.6000   5
79.6400   6
79.6800   8
79.7200   11
79.7600   6
79.8000   7
79.8400   8
79.8800   4
79.9200   6
79.9600   2
80.0000   4
